      1.6000000     -1.9288000     0.23860000     0.97992000    0.036899600     0.97992000
      1.7000000     -1.8986400     0.30930624     0.96960000    0.073308235     0.96960000
      1.8000000     -1.8600000     0.42923457     0.95742000    0.097385756     0.95742000
      1.9000000     -1.8072000     0.54070249     0.93836000     0.16141634     0.93836000
      2.0000000     -1.7378800     0.78204764     0.90486000     0.42567902     0.90486000
      2.1000000     -1.6289600      1.0719573     0.67724000      1.1022915     0.84472000
      2.2000000     -1.5370800      1.1881214     0.79446000      1.3668545     0.79502000
      2.3000000     -1.4277600      1.2760186    -0.15762000      2.0273327     0.72074000
      2.4000000     -1.3443200      1.3330649   -0.080560000      2.2994563     0.67136000
      2.5000000     -1.1213600     0.92556401     0.20776000      2.6202588     0.44464000
      2.6000000     -1.0574000     0.90958047    0.039060000      2.3215636     0.42074000
