      2.1000000     -1.6618663     0.93340608   -0.064981320     0.74709219     0.86951016
      2.1100000     -1.6539527     0.94899431  -0.0055664200     0.77291046     0.86561342
      2.1200000     -1.6446958     0.96603048    0.050697700     0.82029216     0.86065810
      2.1300000     -1.6339731     0.99876303  0.00051306000     0.89821486     0.85424682
      2.1400000     -1.6245451      1.0167032   -0.011339580     0.93567263     0.84929230
      2.1500000     -1.6142500      1.0314219   -0.020241360     0.97548275     0.84364276
      2.1600000     -1.6025822      1.0636195    0.029131560      1.0574515     0.83645984
      2.1700000     -1.5926426      1.0802224  -0.0077851000      1.1080438     0.83074234
      2.1800000     -1.5832454      1.0969716    0.052650280      1.1572377     0.82535832
      2.1900000     -1.5715486      1.1290817  -0.0074713400      1.2515028     0.81759226
      2.2000000     -1.5588766      1.1480986    0.025640800      1.3261038     0.80980724
      2.2100000     -1.5493146      1.1557910   -0.016188160      1.3479929     0.80469872
      2.2200000     -1.5378992      1.1759130    0.035952500      1.4217885     0.79729126
      2.2300000     -1.5244400      1.1988042   -0.026785200      1.4972157     0.78870788
      2.2400000     -1.5121834      1.2155872   0.0040460800      1.5819835     0.78045144
      2.2500000     -1.4988230      1.2468213   -0.029633400      1.6767426     0.77120848
      2.2600000     -1.4887786      1.2443142   -0.020879440      1.7176237     0.76497672
      2.2700000     -1.4760013      1.2592639  -0.0081918600      1.8053433     0.75567758
      2.2800000     -1.4623577      1.2823645  -0.0054044600      1.8867778     0.74635186
      2.2900000     -1.4506973      1.2864161   -0.012964660      1.9283031     0.73894718
      2.3000000     -1.4362779      1.2972317    0.030320140      2.0211361     0.72817202
      2.3100000     -1.4246712      1.2910394    0.017465260      2.0382441     0.72088334
      2.3200000     -1.4116966      1.3009054  -0.0045907400      2.1114163     0.71156874
      2.3300000     -1.3969433      1.3085704   0.0058203600      2.1984047     0.70011260
      2.3400000     -1.3870846      1.3065683  -0.0084715800      2.2172199     0.69372178
      2.3500000     -1.3732834      1.3100147   -0.017990520      2.2869625     0.68331276
      2.3600000     -1.3588002      1.3096791    0.028351220      2.3487239     0.67235662
      2.3700000     -1.3447779      1.2996348    0.020043380      2.3858436     0.66196010
      2.3800000     -1.3330054      1.2985931  -0.0017075200      2.4192847     0.65356848
      2.3900000     -1.3200764      1.2973495  -0.0031522000      2.4704373     0.64343840
      2.4000000     -1.3076112      1.2869615   -0.014639260      2.5127905     0.63370450
